-2.39 -10.377 -0.971 -1072 129 128 110
-2.379 -10.4 -0.973 -1131 139 142 125
-2.379 -10.378 -0.97 -1132 133 136 119
-2.41 -10.415 -0.966 -1060 132 135 114
-2.411 -10.421 -0.956 -1072 132 135 106
-2.429 -10.427 -0.951 -805 132 135 108
-2.43 -10.407 -0.951 -1036 134 137 108
-2.414 -10.409 -0.943 -1014 138 142 119
-2.397 -10.408 -0.957 -912 148 153 130
-2.397 -10.386 -0.962 -1113 147 151 126
-2.379 -10.402 -0.963 -1041 143 152 131
-2.379 -10.403 -0.958 -1109 134 133 113
-2.382 -10.391 -0.955 -1175 143 142 124
-2.403 -10.386 -0.958 -1090 124 128 103
-2.38 -10.384 -0.965 -994 143 144 128
-2.386 -10.386 -0.953 -1168 137 142 120
-2.385 -10.381 -0.958 -1145 145 146 128
-2.38 -10.382 -0.96 -1124 142 145 126
-2.401 -10.378 -0.947 -617 133 137 112
-2.406 -10.376 -0.945 -912 148 152 125
-2.442 -10.484 -0.934 -1024 135 138 117
-2.451 -10.5 -0.927 -404 140 148 124
-2.449 -10.49 -0.921 -412 145 138 119
-2.463 -10.408 -0.936 -1022 143 141 120
-2.309 -10.479 -0.932 -1311 104 102 90
-2.329 -10.472 -0.939 -1263 118 115 98
-2.364 -10.479 -0.955 -1416 133 121 109
-2.353 -10.479 -0.956 -1375 127 122 103
-2.354 -10.484 -0.951 -1429 106 103 86
-2.328 -10.469 -0.945 -1096 113 112 94
-2.343 -10.485 -0.939 -1054 104 91 82
-2.371 -10.463 -0.961 -949 138 141 124
-2.346 -10.448 -0.942 -1090 100 92 81
-2.349 -10.439 -0.945 -797 106 106 98
-2.334 -10.445 -0.963 -957 145 147 134
-2.333 -10.467 -0.954 -1234 112 105 97
-2.337 -10.459 -0.959 -1063 109 114 107
-2.328 -10.467 -0.955 -1154 109 107 94
-2.343 -10.438 -0.958 -1213 129 128 108
-2.338 -10.464 -0.948 -1154 109 99 90
-2.333 -10.463 -0.948 -1232 100 94 82
-2.334 -10.468 -0.938 -1275 111 99 87
-2.332 -10.462 -0.943 -1265 103 93 81
-2.342 -10.455 -0.941 -1163 122 113 98
-2.337 -10.46 -0.943 -1260 119 107 95
-2.321 -10.461 -0.952 -1039 115 109 95
-2.327 -10.465 -0.95 -1193 108 106 91
-2.317 -10.466 -0.953 -998 128 126 113
-2.321 -10.46 -0.946 -1072 113 107 91
-2.322 -10.464 -0.941 -1162 104 98 82
-2.316 -10.461 -0.942 -1170 116 110 96
-2.335 -10.449 -0.952 -1175 102 97 91
-2.264 -10.478 -0.959 -1163 89 90 84
-2.303 -10.48 -0.938 -1158 89 81 79
-2.299 -10.485 -0.948 -1196 109 109 99
-2.29 -10.497 -0.953 -1342 114 105 100
-2.294 -10.487 -0.938 -1022 111 92 88
-2.303 -10.48 -0.943 -1104 132 141 140
-2.282 -10.484 -0.948 -1211 94 84 75
-2.27 -10.482 -0.945 -1409 91 84 76
-2.275 -10.476 -0.947 -1275 105 97 86
-2.311 -10.442 -0.956 -1232 145 147 134
-2.311 -10.466 -0.945 -1281 115 109 93
-2.293 -10.458 -0.94 -1113 81 77 76
-2.312 -10.444 -0.946 -1121 106 103 88
-2.303 -10.452 -0.941 -1124 131 134 115
-2.283 -10.439 -0.95 -1126 109 112 91
-2.284 -10.444 -0.94 -1091 92 83 76
-2.263 -10.447 -0.958 -1119 104 97 89
-2.259 -10.454 -0.951 -1232 96 86 85
-2.261 -10.465 -0.941 -1375 102 89 83
-2.255 -10.461 -0.942 -1242 105 99 103
-2.268 -10.444 -0.95 -1263 97 93 81
-2.253 -10.452 -0.947 -1345 102 101 96
-2.262 -10.444 -0.947 -1306 98 95 86
-2.251 -10.442 -0.951 -1291 107 100 92
-2.258 -10.448 -0.945 -1342 99 85 82
-2.342 -10.41 -0.969 -1104 110 90 81
-2.366 -10.415 -0.971 -1158 119 109 97
-2.359 -10.411 -0.973 -1113 151 133 119
-2.373 -10.401 -0.972 -1093 142 149 131
-2.348 -10.408 -0.965 -1147 164 144 120
-2.369 -10.429 -0.962 -1119 133 137 122
-2.362 -10.425 -0.963 -1213 130 129 109
-2.352 -10.428 -0.961 -1173 126 126 102
-2.358 -10.428 -0.955 -1073 127 124 107
-2.355 -10.418 -0.96 -1186 114 118 95
-2.353 -10.407 -0.948 -576 121 122 116
-2.358 -10.407 -0.94 -736 139 136 127
-2.315 -10.408 -0.955 -1090 112 110 98
-2.326 -10.435 -0.962 -1132 147 159 145
-2.32 -10.408 -0.954 -969 109 110 102
-2.375 -10.406 -0.967 -1068 145 156 139
-2.357 -10.401 -0.966 -945 160 141 127
-2.351 -10.399 -0.963 -1163 161 140 119
-2.362 -10.4 -0.938 -142 136 138 124
-2.345 -10.395 -0.953 -1154 127 121 107
-2.321 -10.388 -0.963 -1065 155 151 139
-2.339 -10.396 -0.946 -1263 118 112 100
-2.337 -10.387 -0.951 -1250 109 103 91
-2.278 -10.413 -0.969 -924 144 155 149
-2.257 -10.42 -0.972 -1045 98 100 89
-2.306 -10.394 -0.978 -1340 119 123 109
-2.302 -10.402 -0.974 -1385 119 117 105
-2.281 -10.379 -0.972 -1081 155 146 137
-2.253 -10.401 -0.976 -1226 112 113 99
-2.257 -10.396 -0.972 -1036 99 102 95
-2.301 -10.421 -0.962 -1158 128 114 113
-2.302 -10.424 -0.957 -1113 131 121 119
-2.303 -10.431 -0.952 -1080 127 120 112
-2.302 -10.427 -0.947 -1150 120 116 104
-2.297 -10.428 -0.949 -1129 174 164 137
-2.294 -10.437 -0.945 -1155 130 141 133
-2.294 -10.412 -0.953 -1103 155 151 116
-2.294 -10.412 -0.942 -1091 166 165 137
-2.255 -10.436 -0.96 -1070 95 85 83
-2.27 -10.429 -0.949 -1240 100 90 81
-2.281 -10.429 -0.944 -1124 126 125 107
-2.26 -10.434 -0.952 -1222 100 97 88
-2.262 -10.417 -0.953 -1299 102 94 83
-2.305 -10.388 -0.967 -1234 122 117 111
-2.301 -10.394 -0.963 -1253 127 123 112
-2.292 -10.404 -0.958 -1136 142 144 120
-2.302 -10.375 -0.955 -1029 151 147 136
-2.282 -10.386 -0.962 -1139 184 190 178
-2.291 -10.377 -0.964 -1209 115 101 90
-2.284 -10.393 -0.946 -642 125 130 123
-2.261 -10.389 -0.961 -1131 89 86 79
-2.275 -10.4 -0.957 -1154 115 110 90
-2.259 -10.405 -0.962 -1288 83 79 68
-2.257 -10.393 -0.966 -1139 85 85 77
-2.259 -10.402 -0.957 -1355 93 86 76
-2.251 -10.39 -0.964 -1214 93 95 84
-2.26 -10.383 -0.955 -1216 93 91 79
-2.251 -10.39 -0.959 -1183 96 87 80
-2.273 -10.391 -0.951 -1149 108 110 89
-2.264 -10.401 -0.952 -1334 95 86 77
-2.33 -10.479 -0.935 -1203 122 119 104
-2.353 -10.456 -0.936 -973 115 104 102
-2.313 -10.449 -0.935 -1235 99 91 80
-2.321 -10.463 -0.936 -1340 100 94 80
-2.308 -10.477 -0.937 -1178 110 113 102
-2.298 -10.483 -0.931 -1211 129 107 94
-2.29 -10.497 -0.931 -1327 120 98 87
-2.288 -10.488 -0.936 -1224 95 82 74
-2.303 -10.482 -0.933 -1283 125 105 94
-2.298 -10.482 -0.937 -1119 90 76 73
-2.308 -10.45 -0.933 -1247 103 93 84
-2.287 -10.459 -0.93 -1137 129 105 95
-2.305 -10.44 -0.937 -1124 110 102 91
-2.255 -10.463 -0.937 -1219 97 85 89
-2.368 -10.403 -0.932 -171 132 140 119
-2.309 -10.432 -0.928 -1158 108 101 95
-2.424 -10.337 -0.933 -97 149 150 132
-2.445 -10.356 -0.958 -961 132 125 109
-2.477 -10.374 -0.941 -601 134 133 113
-2.445 -10.355 -0.953 -584 143 144 126
-2.45 -10.351 -0.952 -924 132 133 119
-2.474 -10.339 -0.943 -412 133 130 113
-2.468 -10.315 -0.946 -314 118 101 93
-2.46 -10.326 -0.939 -498 136 138 116
-2.378 -10.35 -0.988 -1185 162 155 137
-2.401 -10.353 -0.975 -1118 119 113 99
-2.404 -10.368 -0.971 -846 131 128 109
-2.394 -10.373 -0.971 -1113 132 127 107
-2.389 -10.372 -0.976 -1124 124 119 97
-2.383 -10.349 -0.979 -1106 128 116 102
-2.425 -10.318 -0.972 -1026 125 128 119
-2.376 -10.339 -0.992 -1227 163 143 132
-2.392 -10.338 -0.975 -1136 124 118 104
-2.376 -10.342 -0.971 -1119 133 140 122
-2.386 -10.335 -0.973 -1091 114 115 99
-2.404 -10.321 -0.973 -1288 91 78 69
-2.398 -10.318 -0.969 -1152 132 126 110
-2.389 -10.326 -0.979 -1134 117 115 102
-2.378 -10.326 -0.982 -1006 120 108 94
-2.426 -10.366 -0.96 -875 142 142 114
-2.422 -10.351 -0.953 -773 140 145 113
-2.404 -10.369 -0.966 -932 130 129 109
-2.393 -10.368 -0.965 -1114 142 137 117
-2.403 -10.361 -0.96 -1062 130 132 111
-2.389 -10.374 -0.965 -1152 145 138 120
-2.389 -10.374 -0.96 -1252 152 154 133
-2.422 -10.327 -0.954 -928 136 139 118
-2.428 -10.329 -0.956 -916 148 153 131
-2.419 -10.313 -0.958 -1031 128 136 113
-2.413 -10.313 -0.96 -1154 144 139 117
-2.425 -10.339 -0.949 -875 137 134 115
-2.433 -10.329 -0.95 -1081 140 143 126
-2.433 -10.33 -0.939 -625 140 139 121
-2.418 -10.333 -0.946 -711 137 142 112
-2.433 -10.328 -0.944 -1022 144 151 135
-2.402 -10.314 -0.962 -1203 121 119 106
-2.403 -10.342 -0.966 -1032 127 124 109
-2.406 -10.328 -0.969 -1142 140 136 125
-2.4 -10.327 -0.959 -998 129 127 112
-2.387 -10.319 -0.963 -1057 138 140 119
-2.397 -10.338 -0.952 -1059 132 132 108
-2.442 -10.251 -0.969 -1298 103 103 93
-2.497 -10.256 -0.977 -1168 130 135 115
-2.496 -10.292 -0.942 -322 128 130 117
-2.47 -10.299 -0.939 -379 136 133 118
-2.449 -10.282 -0.961 -1185 105 101 89
-2.45 -10.283 -0.967 -1371 105 101 89
-2.466 -10.304 -0.951 -936 88 77 71
-2.461 -10.308 -0.941 -924 132 130 107
-2.459 -10.301 -0.945 -633 133 125 106
-2.448 -10.299 -0.938 -592 131 130 109
-2.449 -10.304 -0.944 -654 138 137 116
-2.467 -10.288 -0.949 -433 102 87 82
-2.455 -10.282 -0.949 -1190 113 106 90
-2.44 -10.29 -0.939 -584 146 145 125
-2.449 -10.282 -0.94 -1070 132 134 110
-2.483 -10.262 -0.962 -396 121 110 104
-2.49 -10.268 -0.956 -609 123 125 104
-2.481 -10.28 -0.956 -744 123 125 112
-2.48 -10.25 -0.955 -625 128 124 112
-2.485 -10.271 -0.952 -617 130 127 110
-2.481 -10.278 -0.946 -240 137 141 124
-2.477 -10.263 -0.95 -801 134 132 119
-2.475 -10.251 -0.938 -142 130 135 112
-2.466 -10.262 -0.961 -1198 93 93 83
-2.469 -10.271 -0.957 -1065 104 101 92
-2.451 -10.266 -0.958 -1198 97 87 78
-2.455 -10.26 -0.963 -1219 85 84 80
-2.46 -10.256 -0.967 -1157 104 111 95
-2.456 -10.263 -0.958 -1283 78 70 68
-2.449 -10.257 -0.963 -1299 92 92 80
-2.448 -10.255 -0.968 -1258 107 113 103
-2.444 -10.26 -0.954 -633 113 109 97
-2.469 -10.27 -0.941 -510 129 123 107
-2.443 -10.279 -0.946 -1119 133 131 108
-2.452 -10.269 -0.953 -1229 108 95 86
-2.448 -10.278 -0.945 -1134 133 125 104
-2.455 -10.261 -0.952 -1242 83 73 71
-2.397 -10.292 -0.987 -1109 115 113 100
-2.435 -10.291 -0.979 -1235 108 111 94
-2.431 -10.297 -0.974 -1181 135 138 119
-2.42 -10.298 -0.975 -1057 148 165 147
-2.417 -10.304 -0.973 -1142 114 119 112
-2.41 -10.3 -0.97 -1072 130 127 112
-2.411 -10.302 -0.975 -1052 110 100 101
-2.403 -10.293 -0.984 -1063 120 130 119
-2.395 -10.307 -0.979 -1283 110 101 86
-2.395 -10.307 -0.984 -543 108 111 94
-2.406 -10.307 -0.969 -1172 135 128 118
-2.404 -10.299 -0.973 -1090 112 101 99
-2.393 -10.297 -0.973 -1195 119 107 91
-2.385 -10.311 -0.983 -1175 108 121 104
-2.387 -10.296 -0.975 -1136 111 103 92
-2.376 -10.293 -0.974 -773 110 112 98
-2.411 -10.26 -0.977 -1065 140 144 130
-2.432 -10.277 -0.972 -1131 100 102 88
-2.408 -10.268 -0.98 -1137 121 119 107
-2.41 -10.275 -0.975 -1090 142 152 143
-2.389 -10.258 -0.989 -1101 100 90 80
-2.38 -10.262 -0.988 -1096 125 129 114
-2.43 -10.291 -0.968 -1132 122 126 111
-2.423 -10.31 -0.965 -1083 128 129 113
-2.426 -10.299 -0.963 -1217 111 112 98
-2.429 -10.311 -0.953 -1063 145 144 126
-2.417 -10.306 -0.962 -1099 130 132 111
-2.415 -10.298 -0.967 -1083 116 113 98
-2.41 -10.298 -0.964 -1091 148 141 123
-2.421 -10.301 -0.959 -1152 133 138 116
-2.433 -10.283 -0.962 -1098 102 98 86
-2.428 -10.285 -0.962 -1144 115 113 98
-2.435 -10.289 -0.957 -1155 120 112 99
-2.428 -10.284 -0.957 -1059 123 116 100
-2.437 -10.297 -0.953 -1027 129 126 111
-2.421 -10.3 -0.948 -912 134 135 119
-2.418 -10.287 -0.942 -781 136 139 120
-2.382 -10.294 -0.966 -1073 138 136 115
-2.405 -10.303 -0.963 -1150 150 146 134
-2.4 -10.305 -0.956 -1127 125 128 107
-2.405 -10.303 -0.958 -1113 146 147 129
-2.395 -10.307 -0.947 -1157 145 144 123
-2.396 -10.31 -0.952 -1206 138 137 117
-2.4 -10.304 -0.95 -1132 131 134 107
-2.406 -10.304 -0.953 -1116 134 139 109
-2.39 -10.308 -0.944 -1244 137 139 115
-2.43 -10.267 -0.966 -1126 99 101 88
-2.421 -10.278 -0.956 -1127 124 121 102
-2.433 -10.256 -0.946 -719 145 144 126
-2.434 -10.261 -0.942 -605 130 133 122
-2.468 -10.358 -0.936 -670 137 141 118
-2.461 -10.354 -0.927 -334 141 144 125
-2.446 -10.358 -0.921 -1136 144 158 141
-2.479 -10.315 -0.934 -220 140 139 119
-2.477 -10.329 -0.931 -678 174 178 164
-2.454 -10.322 -0.934 -650 141 143 122
-2.46 -10.327 -0.923 -1152 149 152 133
-2.449 -10.324 -0.931 -228 138 139 121
-2.452 -10.317 -0.918 -822 132 136 121
-2.462 -10.29 -0.933 -1272 144 145 131
-2.468 -10.293 -0.933 -1147 140 141 127
-2.457 -10.312 -0.916 -1042 148 154 128
-2.438 -10.303 -0.921 132 145 147 125
-2.447 -10.296 -0.911 -842 143 147 124
-2.469 -10.251 -0.936 229 142 140 127
-2.471 -10.26 -0.916 -809 136 140 125
-2.415 -10.296 -0.935 -113 133 132 112
-2.319 -10.352 -0.937 -1103 122 113 98
-2.365 -10.363 -0.974 -1027 136 140 123
-2.37 -10.339 -0.972 -916 134 127 117
-2.323 -10.325 -0.977 -1173 132 115 105
-2.342 -10.337 -0.971 -764 141 135 113
-2.315 -10.335 -0.978 -1208 100 107 91
-2.315 -10.337 -0.973 -1154 108 99 90
-2.32 -10.334 -0.975 -1406 106 109 92
-2.323 -10.325 -0.972 -1106 132 123 106
-2.318 -10.327 -0.969 -1186 108 100 87
-2.314 -10.355 -0.965 -1080 132 123 108
-2.342 -10.361 -0.965 -1041 157 130 111
-2.335 -10.375 -0.955 -1124 123 120 101
-2.328 -10.369 -0.962 -1096 129 118 98
-2.317 -10.344 -0.947 -867 120 124 109
-2.345 -10.324 -0.968 -977 108 102 88
-2.375 -10.335 -0.959 -1026 142 136 120
-2.354 -10.339 -0.964 -777 129 131 118
-2.349 -10.341 -0.959 -650 126 120 108
-2.323 -10.324 -0.967 -1183 93 84 79
-2.315 -10.335 -0.962 -1036 122 115 97
-2.32 -10.335 -0.964 -1085 113 104 89
-2.315 -10.338 -0.957 -1081 148 143 123
-2.322 -10.321 -0.956 -814 147 134 115
-2.315 -10.337 -0.952 -1093 144 143 125
-2.315 -10.335 -0.941 -1190 123 117 101
-2.316 -10.318 -0.952 -1039 131 126 104
-2.274 -10.348 -0.974 -1160 178 171 161
-2.307 -10.35 -0.986 -1039 120 128 115
-2.306 -10.367 -0.978 -1275 134 138 121
-2.312 -10.37 -0.972 -1134 122 120 105
-2.284 -10.367 -0.971 -1114 168 169 161
-2.284 -10.369 -0.976 -1165 198 200 187
-2.307 -10.349 -0.981 -1173 123 123 111
-2.282 -10.358 -0.981 -1085 180 176 165
-2.295 -10.344 -0.979 -1288 130 128 116
-2.291 -10.349 -0.975 -1311 125 126 112
-2.252 -10.37 -0.975 -1093 110 118 105
-2.31 -10.313 -0.981 -1178 114 120 110
-2.305 -10.342 -0.975 -1158 121 118 103
-2.282 -10.336 -0.971 -1176 118 122 105
-2.285 -10.322 -0.977 -1204 139 147 124
-2.295 -10.32 -0.979 -1145 134 135 121
-2.283 -10.313 -0.982 -1067 162 154 133
-2.28 -10.324 -0.975 -1191 157 158 140
-2.309 -10.358 -0.96 -1091 142 138 127
-2.294 -10.363 -0.965 -1199 118 118 106
-2.288 -10.361 -0.968 -1234 117 114 105
-2.284 -10.366 -0.965 -1131 151 144 126
-2.284 -10.37 -0.96 -1213 154 147 128
-2.291 -10.351 -0.953 -1104 144 140 129
-2.301 -10.372 -0.949 -850 139 135 124
-2.268 -10.344 -0.956 -1185 118 121 114
-2.279 -10.371 -0.966 -1034 171 168 161
-2.269 -10.372 -0.96 -1155 123 128 121
-2.278 -10.364 -0.954 -998 150 155 149
-2.28 -10.374 -0.95 -1090 132 132 124
-2.268 -10.346 -0.951 -1163 97 95 83
-2.295 -10.342 -0.968 -1226 108 109 103
-2.263 -10.321 -0.96 -1029 157 161 160
-2.268 -10.343 -0.946 -1049 118 112 100
-2.266 -10.337 -0.94 -879 116 108 95
-2.343 -10.292 -0.975 -957 115 113 100
-2.37 -10.29 -0.984 -973 132 133 117
-2.369 -10.309 -0.978 -1096 165 166 150
-2.356 -10.302 -0.97 -916 129 137 113
-2.351 -10.304 -0.974 -1065 140 141 123
-2.364 -10.286 -0.971 -871 134 139 119
-2.332 -10.29 -0.972 -1273 132 121 101
-2.336 -10.307 -0.979 -1324 127 119 100
-2.33 -10.305 -0.971 -1126 135 132 113
-2.315 -10.311 -0.983 -1188 121 127 125
-2.324 -10.304 -0.971 -1127 126 118 99
-2.342 -10.288 -0.97 -973 108 109 95
-2.317 -10.297 -0.98 -1158 121 116 112
-2.325 -10.285 -0.979 -1101 118 125 109
-2.368 -10.259 -0.993 -1147 146 137 128
-2.365 -10.268 -0.992 -1204 148 161 143
-2.367 -10.276 -0.988 -1106 139 151 139
-2.35 -10.274 -0.988 -1057 194 201 193
-2.344 -10.272 -0.987 -1099 190 194 177
-2.372 -10.253 -0.994 -1045 133 134 120
-2.369 -10.265 -0.988 -990 162 165 154
-2.372 -10.253 -0.988 -1045 144 144 132
-2.355 -10.251 -0.994 -1250 127 129 116
-2.358 -10.263 -0.99 -1178 136 122 113
-2.37 -10.269 -0.978 -1113 115 118 101
-2.355 -10.274 -0.981 -1065 179 183 158
-2.351 -10.281 -0.978 -1140 139 136 121
-2.351 -10.28 -0.983 -1042 197 199 185
-2.344 -10.273 -0.981 -1077 173 181 160
-2.357 -10.28 -0.971 -982 131 128 119
-2.355 -10.274 -0.976 -1072 132 141 124
-2.349 -10.271 -0.972 -1036 129 130 114
-2.369 -10.265 -0.982 -1098 118 122 105
-2.328 -10.274 -0.997 -1109 138 128 116
-2.322 -10.269 -0.994 -1034 184 172 160
-2.323 -10.275 -0.989 -1155 190 189 184
-2.327 -10.27 -0.991 -1234 165 159 147
-2.338 -10.268 -0.979 -1109 127 131 116
-2.322 -10.271 -0.983 -1160 156 168 158
-2.337 -10.265 -0.984 -1111 155 161 149
-2.331 -10.264 -0.984 -1129 116 116 104
-2.33 -10.258 -0.978 -1201 124 122 107
-2.341 -10.258 -0.975 -1116 143 146 127
-2.33 -10.261 -0.973 -1139 125 116 99
-2.314 -10.258 -0.977 -1167 131 144 127
-2.315 -10.262 -0.972 -769 128 115 98
-2.369 -10.311 -0.963 -1063 132 130 115
-2.342 -10.288 -0.964 -1045 127 125 112
-2.323 -10.298 -0.96 -1080 141 113 99
-2.321 -10.292 -0.964 -1152 116 103 94
-2.325 -10.286 -0.964 -1077 144 133 113
-2.333 -10.274 -0.969 -1057 120 111 94
-2.277 -10.287 -0.985 -1090 154 141 122
-2.307 -10.3 -0.986 -1042 151 164 154
-2.312 -10.298 -0.988 -1075 171 188 172
-2.307 -10.302 -0.991 -1186 135 131 122
-2.285 -10.298 -0.985 -887 121 110 104
-2.285 -10.298 -0.98 -1113 110 101 92
-2.256 -10.291 -0.973 -1260 136 123 107
-2.264 -10.304 -0.975 -1180 138 128 119
-2.31 -10.265 -0.988 -1126 182 178 166
-2.292 -10.28 -0.985 -1121 125 127 114
-2.29 -10.274 -0.99 -1144 110 99 93
-2.306 -10.27 -0.974 -1060 103 98 92
-2.286 -10.28 -0.981 -1142 123 125 114
-2.31 -10.266 -0.982 -1165 159 179 168
-2.295 -10.297 -0.96 -1103 130 117 108
-2.307 -10.302 -0.964 -1188 123 111 97
-2.285 -10.3 -0.953 -1055 142 138 129
-2.255 -10.285 -0.967 -1099 158 149 134
-2.253 -10.301 -0.964 -1273 155 161 147
-2.258 -10.297 -0.963 -1155 177 167 165
-2.033 -10.472 -0.931 -1260 125 117 106
-2.186 -10.496 -0.935 -1054 124 122 107
-2.188 -10.482 -0.949 -1111 126 119 111
-2.23 -10.473 -0.94 -1209 83 76 68
-2.219 -10.498 -0.946 -1224 100 86 77
-2.224 -10.498 -0.948 -1196 114 100 91
-2.229 -10.492 -0.944 -1340 116 106 97
-2.203 -10.5 -0.945 -1047 119 119 95
-2.19 -10.49 -0.938 -904 109 107 92
-2.227 -10.459 -0.955 -1203 85 84 79
-2.249 -10.459 -0.938 -1247 92 83 84
-2.234 -10.465 -0.939 -1376 81 81 83
-2.247 -10.448 -0.943 -1329 101 98 93
-2.237 -10.453 -0.939 -1327 101 97 94
-2.24 -10.441 -0.94 -1360 97 93 84
-2.196 -10.442 -0.954 -1324 85 74 72
-2.199 -10.456 -0.95 -1312 105 95 85
-2.191 -10.467 -0.943 -973 127 120 104
-2.207 -10.439 -0.952 -1180 88 81 71
-2.203 -10.446 -0.951 -1262 84 77 67
-2.192 -10.449 -0.951 -1347 120 119 115
-2.202 -10.445 -0.946 -1158 95 82 76
-2.153 -10.497 -0.94 -1142 139 140 122
-2.182 -10.479 -0.955 -1163 126 119 113
-2.178 -10.487 -0.954 -1063 118 112 100
-2.167 -10.485 -0.962 -1211 129 121 102
-2.158 -10.497 -0.956 -1118 137 147 122
-2.166 -10.483 -0.956 -1096 124 121 102
-2.18 -10.495 -0.95 -928 127 125 110
-2.173 -10.489 -0.944 -1036 122 122 110
-2.18 -10.469 -0.949 -1136 137 133 121
-2.182 -10.476 -0.939 -1034 119 121 100
-2.181 -10.472 -0.944 -1176 127 126 106
-2.165 -10.448 -0.946 -1050 123 122 104
-2.183 -10.458 -0.952 -1121 120 113 107
-2.163 -10.441 -0.951 -1072 121 119 98
-2.13 -10.466 -0.947 -1239 125 120 100
-2.233 -10.41 -0.97 -1239 114 114 104
-2.25 -10.387 -0.98 -1147 120 121 105
-2.235 -10.396 -0.97 -1316 109 111 97
-2.242 -10.376 -0.971 -1222 121 119 106
-2.215 -10.376 -0.979 -1150 132 130 109
-2.201 -10.389 -0.97 -1152 95 92 85
-2.236 -10.421 -0.966 -1276 120 118 106
-2.237 -10.427 -0.955 -1280 119 118 114
-2.236 -10.423 -0.96 -1208 120 117 110
-2.232 -10.432 -0.954 -1273 113 113 111
-2.231 -10.428 -0.959 -1334 107 106 101
-2.226 -10.428 -0.957 -1373 102 104 93
-2.245 -10.414 -0.954 -1391 112 105 99
-2.238 -10.407 -0.955 -1232 107 103 92
-2.224 -10.419 -0.967 -1250 112 110 95
-2.243 -10.43 -0.946 -1311 111 108 103
-2.238 -10.431 -0.95 -1252 112 110 113
-2.242 -10.428 -0.952 -1253 107 104 97
-2.238 -10.434 -0.945 -1370 104 97 91
-2.227 -10.435 -0.947 -1235 92 91 87
-2.233 -10.437 -0.949 -1275 101 100 98
-2.227 -10.431 -0.952 -1385 102 105 98
-2.222 -10.433 -0.948 -1362 76 72 71
-2.232 -10.43 -0.943 -1367 93 84 79
-2.228 -10.437 -0.941 -1281 81 73 71
-2.222 -10.436 -0.942 -1408 86 76 77
-2.206 -10.412 -0.961 -1299 98 94 91
-2.214 -10.422 -0.959 -1404 91 88 79
-2.206 -10.41 -0.956 -1342 94 90 79
-2.201 -10.413 -0.966 -1183 98 99 94
-2.191 -10.417 -0.957 -1108 85 76 77
-2.195 -10.412 -0.959 -1150 86 84 87
-2.215 -10.426 -0.943 -1417 99 88 82
-2.213 -10.418 -0.948 -1408 94 90 79
-2.207 -10.417 -0.951 -1362 97 91 75
-2.205 -10.408 -0.945 -1232 102 94 81
-2.2 -10.41 -0.944 -1070 96 83 75
-2.237 -10.379 -0.962 -1227 106 102 91
-2.248 -10.403 -0.968 -1357 108 114 102
-2.246 -10.394 -0.962 -1291 88 88 78
-2.241 -10.397 -0.958 -1303 110 101 94
-2.233 -10.384 -0.964 -1191 118 119 103
-2.223 -10.39 -0.961 -1170 108 108 98
-2.193 -10.375 -0.967 -957 97 99 88
-2.209 -10.398 -0.962 -1324 94 94 86
-2.215 -10.402 -0.961 -1263 98 99 91
-2.219 -10.394 -0.959 -1196 109 111 98
-2.194 -10.405 -0.964 -1139 113 115 114
-2.197 -10.394 -0.958 -1160 89 88 86
-2.193 -10.401 -0.953 -1227 79 70 71
-2.197 -10.392 -0.953 -1286 89 84 80
-2.206 -10.385 -0.95 -1283 93 89 77
-2.141 -10.413 -0.954 -867 147 153 125
-2.178 -10.407 -0.953 -1045 115 117 112
-2.162 -10.433 -0.955 -1119 120 112 93
-2.183 -10.432 -0.945 -1044 109 99 97
-2.179 -10.413 -0.948 -1078 107 96 102
-2.136 -10.413 -0.938 -1006 134 137 118
-2.182 -10.402 -0.952 -1253 117 109 107
-2.172 -10.406 -0.952 -1208 120 121 113
-2.144 -10.375 -0.957 -1042 116 98 86
-2.133 -10.402 -0.953 -1091 130 126 114
-2.13 -10.385 -0.946 -1124 125 121 110
-2.232 -10.481 -0.936 -1080 103 96 90
-2.225 -10.475 -0.932 -543 114 109 103
-2.24 -10.443 -0.935 -1275 98 94 91
-2.245 -10.467 -0.932 -1095 98 84 84
-2.25 -10.463 -0.928 -1190 126 118 105
-2.218 -10.467 -0.929 -711 114 114 104
-2.127 -10.451 -0.93 -429 144 139 117
-2.131 -10.445 -0.93 -465 120 98 85
-2.038 -10.469 -0.928 -1257 114 115 97
-2.121 -10.447 -0.944 -1181 121 119 98
-2.104 -10.446 -0.939 -1247 140 139 111
-2.114 -10.467 -0.939 -957 134 133 105
-2.029 -10.481 -0.945 -1002 161 176 157
-2.036 -10.489 -0.949 -1150 146 149 130
-2.036 -10.487 -0.943 -1072 106 119 102
-2.026 -10.493 -0.951 -1034 141 141 133
-2.011 -10.497 -0.944 -1132 113 117 100
-2.005 -10.494 -0.945 -715 96 100 85
-2.051 -10.451 -0.939 -1132 139 140 124
-2.038 -10.467 -0.938 -1291 105 101 90
-2.035 -10.453 -0.943 -1122 145 152 134
-2.05 -10.445 -0.944 -1119 126 127 111
-2.034 -10.449 -0.947 -1126 150 155 135
-2.04 -10.451 -0.938 -1191 106 106 96
-2.045 -10.451 -0.939 -1191 120 122 109
-2.044 -10.442 -0.943 -1170 114 112 97
-2.037 -10.438 -0.942 -1173 123 125 111
-2.029 -10.449 -0.95 -932 124 116 103
-2.016 -10.44 -0.952 -1104 137 138 122
-2.006 -10.444 -0.946 -1150 119 117 102
-2.076 -10.413 -0.939 -1224 137 129 108
-2.097 -10.41 -0.941 -1147 116 109 91
-2.064 -10.408 -0.943 -1191 120 124 101
-2.064 -10.433 -0.942 -1176 108 102 88
-2.073 -10.424 -0.941 -1168 127 125 100
-2.068 -10.427 -0.94 -1188 130 129 108
-2.098 -10.39 -0.953 -1060 113 115 102
-2.105 -10.394 -0.956 -1175 114 117 96
-2.099 -10.395 -0.959 -1065 106 117 101
-2.116 -10.398 -0.947 -1098 116 106 94
-2.095 -10.399 -0.951 -908 112 108 97
-2.096 -10.378 -0.947 -1158 115 108 92
-2.096 -10.376 -0.941 -1178 121 110 90
-2.093 -10.389 -0.956 -1062 120 124 110
-2.086 -10.382 -0.955 -982 126 125 104
-2.085 -10.376 -0.96 -1119 106 110 87
-2.063 -10.376 -0.968 -1113 126 125 105
-2.088 -10.394 -0.945 -1026 102 96 82
-2.094 -10.393 -0.945 -1042 118 110 99
-2.084 -10.397 -0.938 -969 131 129 106
-2.067 -10.394 -0.943 -1219 124 122 97
-2.087 -10.386 -0.95 -1083 109 107 92
-2.082 -10.389 -0.948 -1201 109 105 93
-2.081 -10.386 -0.953 -1045 104 107 90
-2.075 -10.383 -0.951 -1157 103 99 88
-2.017 -10.415 -0.955 -1131 105 111 101
-2.038 -10.411 -0.956 -1116 124 115 98
-2.059 -10.436 -0.947 -1157 113 111 96
-2.051 -10.423 -0.951 -1186 135 125 115
-2.059 -10.436 -0.941 -1139 107 98 83
-2.053 -10.437 -0.942 -1118 132 129 112
-2.037 -10.436 -0.952 -1067 159 154 135
-2.035 -10.425 -0.946 -1136 151 154 133
-2.054 -10.411 -0.95 -1191 126 132 118
-2.049 -10.414 -0.945 -1168 129 133 116
-2.044 -10.417 -0.947 -1116 126 123 108
-2.023 -10.42 -0.953 -1077 118 114 105
-2.021 -10.435 -0.962 -1050 124 130 116
-2.014 -10.428 -0.961 -1137 113 109 100
-2.013 -10.424 -0.955 -1154 121 112 107
-2.027 -10.411 -0.955 -1111 126 128 117
-2.022 -10.414 -0.958 -1116 142 159 143
-2.007 -10.42 -0.954 -1158 116 110 96
-2.004 -10.407 -0.958 -1121 114 108 92
-2.021 -10.436 -0.951 -1104 117 105 93
-2.01 -10.437 -0.95 -1131 128 130 116
-2.028 -10.419 -0.95 -1070 124 122 107
-2.054 -10.385 -0.954 -1073 153 160 144
-2.047 -10.404 -0.955 -1198 120 112 99
-2.035 -10.396 -0.961 -1119 124 117 99
-2.052 -10.376 -0.959 -1032 146 144 129
-2.032 -10.382 -0.965 -1173 111 101 89
-2.038 -10.383 -0.955 -1168 125 116 101
-2.037 -10.381 -0.96 -1136 108 98 88
-2.036 -10.403 -0.95 -1118 138 137 116
-2.036 -10.404 -0.945 -1163 129 131 109
-2.054 -10.383 -0.948 -965 114 121 105
-2.059 -10.381 -0.946 -1168 122 123 105
-2.054 -10.382 -0.943 -1165 114 118 103
-2.038 -10.384 -0.95 -1118 132 127 108
-2.026 -10.378 -0.963 -1172 110 97 88
-2.018 -10.393 -0.961 -1173 128 120 109
-2.029 -10.396 -0.954 -1193 133 123 111
-2.015 -10.405 -0.965 -1114 135 119 104
-2.002 -10.393 -0.962 -1147 112 114 92
-2.025 -10.375 -0.968 -1086 99 96 87
-2.021 -10.379 -0.957 -1176 138 149 133
-2.093 -10.472 -0.932 -1154 165 163 151
-2.11 -10.472 -0.936 -855 141 142 111
-2.105 -10.477 -0.931 -433 136 139 118
-2.093 -10.497 -0.925 -842 146 141 135
-2.075 -10.488 -0.92 -764 145 142 127
-2.067 -10.476 -0.918 -650 157 149 136
-2.102 -10.462 -0.935 -1118 148 152 129
-2.097 -10.464 -0.933 -1147 166 161 141
-2.081 -10.438 -0.93 -1335 169 163 151
-2.084 -10.455 -0.926 -1042 147 147 139
-2.066 -10.446 -0.922 -1244 147 134 126
-2.072 -10.446 -0.92 -1365 155 152 145
-2.03 -10.454 -0.935 -1088 103 96 86
-2.055 -10.446 -0.937 -1144 126 125 107
-2.042 -10.461 -0.933 -1195 108 105 96
-2.038 -10.467 -0.933 -1213 112 104 93
-2.046 -10.454 -0.934 -1142 123 125 114
-2.042 -10.463 -0.923 -1199 110 104 90
-2.042 -10.462 -0.928 -1098 104 102 90
-2.047 -10.457 -0.923 -1119 131 121 111
-2.046 -10.455 -0.928 -1118 125 122 113
-2.051 -10.451 -0.934 -1067 131 138 120
-2.06 -10.44 -0.931 -1106 125 119 105
-2.059 -10.439 -0.936 -1090 109 100 85
-2.055 -10.443 -0.931 -1106 132 133 117
-2.051 -10.451 -0.923 -1136 132 130 118
-2.051 -10.451 -0.929 -1095 135 137 124
-2.055 -10.444 -0.926 -1175 128 126 113
-2.061 -10.445 -0.926 -1109 135 125 115
-2.048 -10.462 -0.918 -1239 126 137 133
-2.058 -10.457 -0.916 -1155 149 141 128
-2.052 -10.456 -0.919 -1294 141 131 119
-2.056 -10.449 -0.921 -1204 140 130 118
-2.061 -10.446 -0.921 -1165 142 133 118
-2.093 -10.416 -0.936 -1047 140 140 116
-2.084 -10.424 -0.933 -1167 164 152 136
-2.079 -10.426 -0.934 -1337 159 146 130
-2.074 -10.432 -0.931 -1167 168 161 145
-2.064 -10.436 -0.932 -1042 135 129 117
-2.069 -10.431 -0.935 -1075 134 129 110
-2.064 -10.434 -0.937 -1081 134 124 112
-2.074 -10.428 -0.936 -1173 143 135 116
-2.075 -10.437 -0.926 -1195 164 165 149
-2.07 -10.436 -0.924 -1139 155 153 140
-2.065 -10.437 -0.927 -1054 138 129 120
-2.069 -10.43 -0.929 -1198 142 139 122
-2.085 -10.404 -0.933 -1050 133 127 105
-2.079 -10.4 -0.936 -1139 140 132 111
-2.146 -10.356 -0.953 -1204 134 117 109
-2.219 -10.368 -0.985 -1085 99 81 81
-2.235 -10.344 -0.978 -1086 118 121 100
-2.24 -10.368 -0.975 -1183 119 122 101
-2.23 -10.371 -0.973 -1032 109 118 101
-2.216 -10.354 -0.963 -1139 107 107 97
-2.199 -10.352 -0.963 -1070 95 92 85
-2.209 -10.372 -0.953 -1224 96 95 90
-2.228 -10.335 -0.963 -1118 106 108 97
-2.221 -10.328 -0.953 -1091 118 112 98
-2.207 -10.315 -0.964 -1006 105 102 93
-2.217 -10.335 -0.968 -1063 105 105 95
-2.201 -10.336 -0.965 -1140 102 100 88
-2.202 -10.342 -0.961 -1173 90 90 80
-2.132 -10.367 -0.955 -1050 158 152 128
-2.177 -10.352 -0.957 -1319 101 103 100
-2.17 -10.367 -0.955 -1380 142 153 137
-2.161 -10.354 -0.953 -1432 125 127 116
-2.125 -10.362 -0.96 -1104 120 118 105
-2.154 -10.371 -0.949 -1098 108 98 88
-2.128 -10.374 -0.94 -1014 128 129 113
-2.15 -10.351 -0.952 -1242 119 105 96
-2.135 -10.355 -0.945 -711 137 139 118
-2.172 -10.328 -0.965 -1181 145 148 129
-2.185 -10.314 -0.968 -1435 97 109 95
-2.159 -10.317 -0.961 -1224 132 132 120
-2.165 -10.321 -0.955 -1342 161 169 148
-2.165 -10.321 -0.961 -1272 170 169 151
-2.16 -10.32 -0.956 -1389 139 151 131
-2.166 -10.324 -0.95 -1286 120 122 109
-2.14 -10.33 -0.957 -1285 109 93 93
-2.135 -10.33 -0.958 -1340 113 99 96
-2.15 -10.323 -0.946 -1278 124 115 108
-2.217 -10.26 -0.976 -830 125 128 107
-2.246 -10.269 -0.972 -1314 138 129 114
-2.188 -10.252 -0.972 -642 129 113 100
-2.2 -10.281 -0.972 -814 100 85 78
-2.25 -10.286 -0.968 -1237 148 140 127
-2.222 -10.31 -0.966 -1103 127 133 121
-2.2 -10.307 -0.967 -748 112 120 97
-2.231 -10.252 -0.964 -1047 126 132 122
-2.237 -10.277 -0.956 -654 100 99 94
-2.211 -10.256 -0.966 -973 134 138 115
-2.205 -10.28 -0.968 -1018 117 110 100
-2.188 -10.277 -0.965 -912 116 120 106
-2.191 -10.264 -0.958 -769 114 113 95
-2.125 -10.282 -0.969 -1290 120 109 107
-2.17 -10.293 -0.969 -1285 143 140 123
-2.182 -10.297 -0.972 -1311 142 143 125
-2.158 -10.286 -0.973 -1059 116 112 100
-2.13 -10.282 -0.973 -1280 125 126 121
-2.186 -10.264 -0.975 -1045 131 128 111
-2.186 -10.266 -0.97 -859 124 126 105
-2.166 -10.273 -0.973 -1250 116 115 94
-2.179 -10.258 -0.97 -1158 102 109 93
-2.163 -10.26 -0.977 -1134 112 111 93
-2.157 -10.255 -0.969 -1191 135 129 115
-2.14 -10.253 -0.97 -961 100 91 84
-2.186 -10.291 -0.968 -1081 115 115 107
-2.183 -10.304 -0.957 -1062 108 107 103
-2.172 -10.299 -0.965 -1326 149 147 134
-2.168 -10.309 -0.958 -1353 155 159 145
-2.147 -10.286 -0.963 -1090 117 116 98
-2.147 -10.285 -0.968 -936 112 106 94
-2.147 -10.283 -0.957 -1075 117 117 105
-2.125 -10.283 -0.964 -1340 130 125 119
-2.133 -10.296 -0.959 -1263 108 104 93
-2.126 -10.287 -0.959 -1154 112 107 101
-2.169 -10.263 -0.962 -1221 123 130 114
-2.183 -10.275 -0.961 -904 97 92 88
-2.156 -10.277 -0.967 -1131 128 126 113
-2.16 -10.272 -0.965 -1185 138 139 125
-2.165 -10.266 -0.956 -1045 138 144 132
-2.125 -10.258 -0.966 -1340 108 92 92
-2.155 -10.27 -0.961 -1122 138 135 120
-2.142 -10.259 -0.95 -1250 121 121 109
-2.131 -10.257 -0.949 -1054 82 66 67
-2.134 -10.25 -0.945 -1204 116 102 99
-2.091 -10.354 -0.934 -1217 133 127 103
-2.074 -10.349 -0.955 -973 116 124 103
-2.122 -10.346 -0.964 -871 129 131 118
-2.097 -10.354 -0.947 -1227 111 109 88
-2.096 -10.349 -0.941 -1188 118 112 88
-2.101 -10.351 -0.941 -1101 120 114 98
-2.063 -10.373 -0.963 -1108 126 124 103
-2.084 -10.374 -0.938 -1167 129 122 106
-2.066 -10.365 -0.95 -1157 103 91 77
-2.078 -10.367 -0.941 -1199 114 108 96
-2.074 -10.374 -0.944 -1224 108 100 89
-2.067 -10.367 -0.945 -1167 113 99 86
-2.071 -10.361 -0.938 -1180 119 110 93
-2.065 -10.359 -0.939 -1168 120 109 89
-2.091 -10.328 -0.955 -941 134 137 116
-2.015 -10.353 -0.971 -1113 108 102 90
-2.06 -10.362 -0.972 -904 123 121 108
-2.015 -10.353 -0.976 -1137 112 106 94
-2.025 -10.372 -0.973 -1147 105 105 95
-2.001 -10.363 -0.977 -1114 127 132 110
-2.007 -10.367 -0.972 -1091 113 110 91
-2.002 -10.367 -0.972 -1070 120 119 98
-2.006 -10.361 -0.976 -924 113 107 91
-2.052 -10.319 -0.974 -961 121 122 104
-2.045 -10.314 -0.972 -1063 124 123 105
-2.02 -10.319 -0.969 -1034 117 120 109
-2.006 -10.332 -0.972 -1126 105 98 82
-2.019 -10.315 -0.974 -945 114 116 102
-2.002 -10.314 -0.981 -1060 77 63 60
-2.047 -10.347 -0.961 -1129 146 144 132
-2.057 -10.37 -0.961 -1073 140 142 121
-2.056 -10.369 -0.967 -1037 135 138 117
-2.062 -10.372 -0.957 -1104 117 112 92
-2.056 -10.365 -0.955 -1027 144 146 125
-2.035 -10.372 -0.965 -1213 93 93 81
-2.037 -10.355 -0.955 -1127 120 107 98
-2.062 -10.371 -0.947 -1111 133 127 105
-2.056 -10.367 -0.95 -1037 126 127 109
-2.061 -10.365 -0.951 -1109 116 109 90
-2.01 -10.354 -0.963 -1204 99 85 74
-2.017 -10.363 -0.961 -1095 131 118 109
-2.018 -10.364 -0.966 -1129 104 95 88
-2.025 -10.373 -0.957 -1158 117 116 98
-2.001 -10.361 -0.96 -1180 119 120 104
-2.005 -10.352 -0.965 -1275 107 110 89
-2.01 -10.35 -0.968 -1208 98 92 76
-2.035 -10.313 -0.962 -1178 122 122 112
-2.031 -10.322 -0.968 -1063 108 109 95
-2.03 -10.315 -0.962 -1175 111 114 105
-2.031 -10.322 -0.958 -1240 103 99 90
-2.125 -10.282 -0.975 -949 125 126 118
-2.124 -10.276 -0.979 -871 131 122 115
-2.121 -10.288 -0.966 -1185 138 138 128
-2.112 -10.298 -0.965 -1034 132 129 124
-2.124 -10.305 -0.957 -1131 132 118 107
-2.118 -10.302 -0.954 -1111 140 126 117
-2.109 -10.311 -0.942 -809 121 115 103
-2.111 -10.292 -0.948 -924 127 123 111
-2.12 -10.286 -0.944 -994 158 151 122
-2.106 -10.295 -0.946 -666 117 119 106
-2.077 -10.283 -0.954 -916 137 141 124
-2.089 -10.292 -0.941 -1054 116 113 96
-2.109 -10.259 -0.961 -1119 126 127 121
-2.111 -10.267 -0.967 -1242 146 143 138
-2.119 -10.28 -0.96 -1136 131 126 122
-2.111 -10.267 -0.957 -1088 125 115 114
-2.118 -10.275 -0.949 -1067 154 138 112
-2.101 -10.268 -0.949 -1103 129 132 121
-2.096 -10.27 -0.941 -1119 118 121 104
-2.097 -10.254 -0.953 -965 127 124 115
-2.092 -10.255 -0.956 -1167 112 95 101
-2.077 -10.26 -0.954 -748 123 120 101
-2.067 -10.262 -0.955 -715 129 132 115
-2.092 -10.28 -0.941 -842 104 94 93
-2.094 -10.26 -0.946 -1060 121 121 113
-2.093 -10.255 -0.95 -1104 113 104 105
-2.067 -10.261 -0.949 -826 121 128 112
-2.004 -10.295 -0.986 -1091 72 62 61
-2.035 -10.286 -0.971 -1052 121 122 106
-2.043 -10.301 -0.976 -1101 126 127 109
-2.002 -10.311 -0.986 -1111 71 55 56
-2.025 -10.291 -0.981 -1057 120 122 111
-2.002 -10.282 -0.98 -941 81 70 68
-2.01 -10.295 -0.971 -1039 109 110 96
-2.003 -10.291 -0.975 -1075 103 94 85
-2.007 -10.283 -0.976 -1022 107 105 92
-2.005 -10.274 -0.985 -1054 96 95 90
-2.004 -10.267 -0.99 -1047 89 90 85
-2.011 -10.275 -0.981 -949 124 127 110
-2.006 -10.278 -0.98 -1103 117 115 103
-2.01 -10.271 -0.975 -834 116 120 103
-2.036 -10.295 -0.967 -1073 135 133 118
-2.04 -10.312 -0.963 -1067 119 121 110
-2.045 -10.312 -0.967 -1088 132 129 114
-2.053 -10.299 -0.949 -924 95 89 75
-2.029 -10.283 -0.965 -1178 126 130 115
-2.062 -10.262 -0.954 -867 110 114 97
-2.057 -10.262 -0.958 -777 126 128 107
-2.06 -10.254 -0.959 -1101 128 130 109
-2.045 -10.256 -0.956 -1010 106 104 91
-2.058 -10.267 -0.953 -1049 128 131 110
-2.046 -10.262 -0.951 -830 96 92 80
-2.096 -10.35 -0.936 -1193 125 119 95
-2.106 -10.294 -0.93 -801 129 130 114
-2.098 -10.283 -0.926 -986 130 125 105
-2.109 -10.309 -0.936 -756 126 122 110
-2.107 -10.298 -0.925 -801 120 114 98
-2.108 -10.305 -0.92 29 131 122 107
-2.099 -10.287 -0.922 -891 122 106 90
-2.097 -10.276 -0.931 -773 127 126 108
-2.096 -10.274 -0.936 -1022 121 122 104
-2.253 -10.131 -0.935 -883 153 155 144
-2.465 -10.235 -0.924 -613 135 132 115
-2.46 -10.234 -0.969 -1255 105 112 104